111111100100000110001001001111111
100000101101110111101110001000001
101110100111001010011110101011101
101110101101001111010000001011101
101110100010111010011001001011101
100000101010011100100010001000001
111111101010101010101010101111111
000000000000101110011111000000000
111110111110111110000011110101010
100010010100000011001111101000111
001111100101111111101100111011010
010100000111000110100111011100100
111000101101011110000011110111000
111111000010100111011111001000011
100001100100001110100000011110010
100101010010101010111100110010100
111100110100101111100001100110010
101010001110000110011011001101011
111010111001101101101010111001010
110101000111000100011111111100100
000011100111010001000010110010010
110010010000101111101001001001011
100001101010000100101000000001010
100011010010100000000110011101100
101010110100111011011001111111001
000000001010001011111010100010101
111111101111110101100111101011110
100000100001001010111110100011101
101110101001000000001010111110000
101110101010110110011001110011000
101110101100011110101110001001110
100000101100110110110100010110100
111111101110101111100111111010010
